3
-0.161177 -0.036667 0.986244
0.304911 0.813277 0.495591
-0.845863 0.254190 0.468938
-0.664696 -0.645269 -0.376573
-0.593078 -0.786994 -0.169997
-0.491887 0.517087 0.700477
-0.842201 -0.537625 0.040694
-0.926348 -0.037891 0.374757
0.452766 -0.476501 0.753624
0.307967 0.683844 0.661448
-0.073298 -0.466161 -0.881658
0.400976 0.021380 0.915839
-0.086460 -0.077655 -0.993224
0.110453 -0.002524 -0.993878
0.684864 -0.350655 0.638751
0.375678 -0.330052 0.865986
0.137066 -0.455509 -0.879616
0.231829 -0.495611 -0.837033
-0.884311 0.451888 0.117435
-0.293888 0.937666 -0.185506
0.546182 0.583405 -0.601102
0.957970 -0.256896 0.127661
-0.817952 0.224702 0.529587
-0.666799 -0.353159 -0.656245
0.373997 -0.605408 0.702572
-0.056963 -0.244858 0.967884
-0.099877 0.132532 -0.986134
-0.658104 0.163523 0.734955
0.565980 -0.365561 0.738940
-0.274463 0.373208 0.886220
-0.173733 -0.023234 -0.984519
0.113260 -0.061974 0.991631
0.641616 -0.766235 0.034827
-0.037617 0.130718 -0.990706
-0.367911 0.070750 0.927166
0.697082 0.710831 -0.093788
0.191653 -0.341247 0.920228
0.024979 -0.071429 -0.997133
-0.489303 0.229663 -0.841331
-0.761630 0.474177 0.441674
0.318967 0.338265 0.885345
-0.008384 0.001787 -0.999963
-0.815711 -0.545052 -0.193738
0.156574 -0.985941 0.058344
-0.051667 0.985133 -0.163837
0.194135 0.316926 -0.928369
-0.157765 -0.869542 0.467982
-0.846911 -0.374411 -0.377569
-0.864705 -0.451987 -0.219072
-0.120753 0.219685 0.968069
0.003731 -0.028393 -0.999590
-0.002770 -0.038682 -0.999248
0.126611 -0.197849 0.972021
0.139461 0.022779 0.989965
-0.712814 0.437064 0.548517
0.747168 0.352774 0.563285
0.916997 0.304782 -0.257340
-0.866310 -0.365474 -0.340494
0.626249 0.769919 0.122621
-0.588311 -0.437922 0.679790
0.039943 0.120797 0.991873
0.720462 0.684648 -0.110417
-0.555589 0.396504 0.730825
0.901394 0.405623 -0.151518
0.989310 -0.125309 -0.074583
-0.373583 -0.201219 -0.905509
0.205430 0.018478 0.978497
-0.152215 -0.347449 0.925262
0.013842 -0.030696 -0.999433
0.600083 -0.647034 0.470368
-0.037695 0.066171 -0.997096
-0.808552 -0.550578 -0.207625
0.293773 -0.291824 -0.910240
0.146613 0.441616 -0.885144
-0.572755 0.734224 0.364508
-0.535375 0.119126 -0.836171
-0.336323 0.820678 0.461925
0.655293 0.390789 -0.646433
-0.316014 0.601272 0.733898
0.038818 0.087135 0.995440
0.002354 -0.992796 -0.119794
-0.000606 -0.414933 -0.909852
0.197850 0.654961 -0.729302
0.127594 -0.954955 0.267919
-0.385941 0.403338 -0.829679
0.122737 -0.264534 0.956534
-0.684592 0.693304 -0.225086
-0.682808 0.208427 -0.700237
-0.683145 0.654471 0.324007
-0.796431 -0.289971 -0.530674
-0.143402 0.503015 -0.852298
-0.926774 0.174433 0.332661
-0.437694 -0.379701 0.815016
0.960972 -0.087920 -0.262302
-0.795305 0.375578 -0.475849
0.660258 -0.620545 -0.423064
-0.371930 0.681291 0.630485
0.604852 -0.181358 0.775411
-0.538903 -0.267566 0.798744
-0.500872 0.374017 0.780537
0.356025 0.470904 -0.807153
-0.046508 0.260596 0.964327
0.015189 -0.556656 -0.830604
-0.185027 -0.005895 0.982716
-0.420713 -0.820137 0.387783
0.335363 0.852353 -0.401279
0.555251 0.391202 -0.733932
0.029997 0.979187 -0.200731
0.434678 -0.897489 -0.074616
-0.568139 0.426756 0.703631
0.159393 0.716941 -0.678667
0.676116 0.386180 -0.627480
0.151981 0.247678 -0.956848
0.309715 -0.047069 0.949664
-0.046683 0.005039 0.998897
0.736896 -0.226386 -0.636972
0.496025 0.451298 -0.741815
-0.081234 -0.138969 -0.986959
0.084024 -0.190818 0.978023
-0.285061 0.170133 -0.943289
0.218939 0.216847 -0.951338
0.393371 0.623477 -0.675674
-0.560018 0.826208 0.061324
-0.019668 -0.342978 0.939138
-0.183107 0.244923 -0.952095
0.169809 0.143385 -0.974990
0.409186 0.382320 -0.828492
-0.196745 -0.881209 -0.429839
0.011241 -0.845231 -0.534283
0.445927 0.370881 0.814614
0.199850 -0.059393 0.978025
-0.887147 0.407783 0.216064
-0.580240 -0.558461 0.592826
0.504810 0.404357 0.762668
0.795282 0.562515 -0.226063
0.342120 -0.851114 -0.398194
0.215531 -0.728211 0.650581
0.466504 -0.547114 -0.695011
0.374845 0.152940 0.914385
-0.408763 0.208294 -0.888553
0.015705 -0.998139 -0.058921
0.568003 -0.084007 0.818728
0.565024 0.439325 0.698385
-0.556476 0.685698 0.469204
-0.047988 -0.868878 0.492695
-0.046788 0.064082 0.996847
-0.326801 -0.145710 -0.933793
-0.222321 -0.420254 -0.879750
0.366443 -0.784984 0.499519
-0.078002 -0.302430 -0.949975
-0.295469 0.547877 0.782643
-0.422472 -0.397852 0.814390
-0.631565 -0.282881 -0.721875
0.655018 -0.561241 0.505925
-0.011531 -0.165094 -0.986210
-0.692411 -0.414094 0.590841
0.030200 -0.028837 0.999128
-0.370255 -0.155909 -0.915753
-0.005515 0.019509 -0.999794
0.942468 0.083955 0.323581
0.270716 -0.794125 0.544131
-0.040612 0.037259 0.998480
-0.023023 0.097630 -0.994956
0.472061 -0.025718 -0.881191
-0.395599 -0.069776 -0.915769
-0.275135 0.364210 0.889748
-0.185665 0.058960 0.980843
0.646592 -0.263408 -0.715915
0.336543 0.854277 -0.396168
-0.657737 0.723686 0.208952
0.461143 0.250831 0.851135
0.515104 0.150686 0.843778
-0.844635 0.077820 0.529656
0.314891 -0.470141 0.824507
-0.086176 0.826339 -0.556541
0.197411 0.961172 0.192813
-0.020245 0.802905 0.595764
0.126546 0.197354 0.972130
-0.060527 0.108876 -0.992211
0.286407 -0.801104 -0.525551
-0.903352 -0.420686 0.083542
-0.290930 -0.742816 -0.602979
-0.005286 -0.132818 -0.991126
0.120412 0.519967 0.845657
0.397099 -0.901988 0.169501
-0.418580 0.899992 -0.121678
-0.849385 0.177979 0.496859
-0.077297 0.120196 0.989736
-0.315445 -0.903280 0.290827
0.878895 -0.117935 0.462206
-0.052018 0.102668 0.993355
0.088860 0.161204 0.982913
0.143500 0.335168 0.931166
0.142701 -0.310810 -0.939699
0.080751 -0.203622 -0.975714
0.831414 0.071587 0.551023
-0.013833 0.026764 -0.999546
0.457241 0.887296 0.060298
-0.546020 0.565032 0.618548
0.976712 0.072696 -0.201862
0.193392 0.087305 0.977230
-0.163235 0.954334 -0.250200
-0.777213 0.494080 -0.389647
-0.159887 -0.834714 -0.526961
0.005688 -0.133885 0.990981
0.143637 0.223710 -0.964014
-0.040924 -0.056963 0.997537
-0.176425 0.110354 0.978109
-0.145124 -0.790681 0.594779
-0.094920 -0.784391 -0.612961
0.027322 0.222469 0.974557
0.287835 0.662778 0.691286
0.645940 -0.664117 0.376444
0.052929 -0.007315 0.998571
0.123315 -0.052846 -0.990960
0.611802 0.429245 0.664415
0.027480 0.703303 -0.710359
0.524248 -0.095966 -0.846141
-0.264614 -0.023563 -0.964067
0.446393 0.649182 -0.615870
-0.973742 -0.114307 -0.196876
0.265331 -0.955233 -0.130879
0.559250 0.760947 -0.328937
-0.978282 -0.021065 -0.206207
-0.343706 -0.859628 -0.378029
0.802522 -0.420891 -0.422858
-0.769272 -0.443598 -0.459828
0.968198 -0.076373 0.238245
-0.331446 -0.014562 0.943362
0.006436 -0.021333 -0.999752
-0.630222 -0.774450 0.055205
0.174944 0.225166 -0.958486
0.345594 -0.015784 0.938251
0.141558 -0.825518 -0.546335
0.449735 -0.193406 -0.871971
0.374429 0.555500 0.742444
-0.186415 -0.673836 0.714979
-0.229728 0.464570 -0.855219
-0.593383 -0.457250 0.662434
0.073150 0.820268 -0.567282
-0.252845 -0.142979 0.956884
0.531215 -0.657644 0.534150
-0.851140 -0.090949 -0.516999
0.891386 0.164982 0.422151
-0.996309 -0.085768 0.003595
-0.946857 0.071967 -0.313502
-0.043956 -0.946230 -0.320493
-0.017602 0.002205 -0.999843
0.858836 0.343574 0.379944
-0.278118 0.015877 -0.960416
-0.938663 -0.137191 -0.316372
0.354340 -0.438318 -0.826027
0.412753 0.720473 0.557274
-0.920214 -0.015770 0.391098
-0.770780 -0.426734 -0.473071
-0.908334 0.414652 0.054706
-0.426086 0.243749 -0.871227
-0.319066 0.803907 -0.501926
-0.174164 0.183939 -0.967385
-0.772986 -0.038245 0.633269
0.532034 0.201529 -0.822391
0.907585 -0.342985 0.242180
-0.831872 -0.142999 -0.536228
0.653375 -0.579619 -0.486973
-0.020104 -0.194961 -0.980605
0.075638 0.045768 -0.996084
-0.222129 -0.880529 -0.418721
-0.545499 -0.061964 0.835818
-0.092873 -0.541752 0.835392
0.685787 -0.544383 -0.483057
-0.780430 0.594823 0.192649
0.608771 -0.645420 -0.461337
0.019532 -0.446158 -0.894741
0.550366 -0.006962 -0.834895
-0.162287 0.800201 0.577357
-0.376213 -0.910159 0.173419
-0.424807 0.433407 -0.794794
0.690225 0.701569 -0.177174
-0.275996 -0.146450 -0.949936
-0.302398 0.184402 -0.935174
0.651602 0.252754 -0.715214
0.054258 -0.236885 0.970021
0.100938 0.110206 0.988770
0.682530 0.326269 0.653989
-0.906045 0.222785 0.359791
-0.189930 0.063017 0.979773
0.537359 -0.285595 -0.793525
-0.192943 -0.557294 -0.807587
0.174473 -0.741237 0.648172
-0.049695 0.528558 0.847441
-0.051419 0.129504 0.990245
0.276406 -0.328611 0.903114
0.079068 -0.421948 -0.903165
0.527816 0.560508 0.638154
-0.330488 -0.338013 -0.881206
-0.727739 0.339131 0.596143
0.224541 -0.127072 -0.966144
0.475415 -0.066140 -0.877272
-0.243573 0.967201 -0.072069
0.031036 -0.412208 -0.910561
0.079621 -0.006159 -0.996806
0.559645 0.340542 -0.755532
0.114320 -0.425771 -0.897580
-0.505835 0.644085 -0.573834
-0.208944 -0.785767 -0.582162
0.690052 0.719011 -0.082773
0.000684 0.004906 0.999988
-0.597322 0.478067 -0.643940
0.061024 -0.738041 -0.671991
0.324675 -0.051183 -0.944440
-0.794389 0.316507 0.518430
-0.483053 0.875028 -0.031411
-0.281413 0.844359 0.455921
0.153099 0.251573 0.955653
0.236448 0.072518 -0.968934
0.467066 -0.505807 0.725265
-0.549153 0.317678 -0.772989
0.450997 -0.809576 -0.375750
-0.053415 0.066373 -0.996364
-0.070564 0.024983 -0.997194
-0.472013 -0.224621 0.852496
0.287859 0.577429 -0.764011
-0.345240 -0.175852 0.921892
-0.005756 -0.025167 0.999667
-0.468602 0.378900 -0.798027
0.190010 -0.353198 0.916050
-0.148154 0.275355 0.949858
-0.237233 -0.317429 -0.918128
0.089456 0.224775 -0.970296
-0.603051 0.775691 -0.186100
0.924208 0.162173 0.345746
-0.496864 -0.616724 -0.610555
-0.138679 0.980581 0.138669
-0.097255 -0.410248 -0.906774
0.960051 -0.130520 -0.247520
-0.533009 -0.832597 0.150611
0.325150 -0.747016 -0.579866
-0.117962 -0.918380 -0.377708
0.833026 -0.377399 0.404523
-0.293903 0.046340 0.954711
0.489403 0.372461 -0.788516
0.006675 0.015123 -0.999863
-0.209641 0.065839 0.975559
0.273616 0.351622 0.895263
0.263898 -0.627740 -0.732325
-0.005925 -0.127557 0.991814
-0.439089 0.786461 -0.434372
0.956208 -0.136327 0.258999
-0.162580 -0.343006 0.925157
0.167411 -0.985806 -0.012685
-0.768907 0.321695 0.552535
0.078172 -0.948328 0.307510
-0.009685 0.787137 0.616702
-0.251421 -0.011714 -0.967807
-0.252780 -0.818176 -0.516421
0.891468 0.078399 0.446249
0.259249 0.631053 -0.731138
-0.775912 -0.442873 -0.449249
0.041755 -0.084229 0.995571
-0.018489 0.664102 -0.747414
-0.368309 -0.640762 0.673627
-0.055579 -0.059966 -0.996652
-0.519829 -0.568553 -0.637593
0.658832 0.559309 0.503104
0.172187 -0.647789 -0.742106
0.837909 0.545803 0.002671
-0.517772 0.842512 0.148611
0.528555 -0.749462 -0.398667
0.047411 -0.015702 0.998752
0.260293 0.861121 -0.436713
-0.572675 -0.818811 -0.039906
-0.009725 -0.073945 -0.997215
0.495336 -0.407252 0.767326
-0.100637 0.175662 0.979293
-0.072933 -0.976096 -0.204736
0.208304 -0.798926 0.564204
-0.193364 0.165188 0.967121
-0.034335 -0.117584 0.992469
0.108986 -0.157957 0.981413
-0.672481 -0.405216 0.619330
0.525577 0.159472 0.835666
0.150092 -0.224196 0.962917
-0.734646 -0.445856 0.511379
-0.155389 -0.011768 0.987783
-0.839873 0.114614 0.530545
-0.003139 -0.140621 0.990058
0.493133 0.834103 -0.247166
0.133987 0.061265 0.989088
-0.084330 0.287128 0.954173
0.189801 0.324453 0.926664
-0.322133 0.934153 -0.153583
0.215407 -0.681064 -0.699823
0.446532 -0.540885 -0.712778
0.188922 0.360539 -0.913411
0.093236 -0.967509 -0.235019
0.153469 -0.086246 0.984382
-0.911280 0.056236 -0.407930
0.158702 -0.412345 0.897098
0.322159 0.943991 -0.071381
0.415908 0.323615 -0.849879
0.041141 0.007364 0.999126
-0.784100 -0.440382 0.437323
0.336459 -0.710801 0.617703
-0.002051 -0.748516 0.663113
0.098749 0.096201 -0.990451
-0.126921 -0.142640 -0.981603
0.727451 0.612328 0.309629
0.202392 -0.021614 -0.979066
-0.561637 -0.295704 -0.772738
0.280871 0.329842 -0.901286
-0.762619 0.603633 -0.232463
0.268025 -0.919443 0.287727
-0.235346 0.217585 -0.947243
-0.502387 0.400628 -0.766227
-0.831719 -0.511533 0.215820
0.269470 0.836314 0.477456
0.231000 -0.054538 -0.971424
0.033299 0.302293 -0.952633
0.103076 0.505161 -0.856847
0.254077 -0.396427 0.882208
-0.139666 -0.959692 -0.243896
0.697588 -0.559741 0.447281
-0.966744 -0.060358 -0.248522
-0.213563 0.065087 -0.974759
0.232863 -0.242835 -0.941704
-0.107498 0.679273 -0.725970
0.781876 -0.595118 0.185754
0.576911 0.675930 0.458576
-0.161252 0.148669 0.975651
-0.398755 0.206122 -0.893593
-0.636648 -0.197656 0.745393
0.057642 -0.587738 -0.806996
0.679317 0.223160 0.699091
-0.055030 0.073889 0.995747
-0.078274 -0.045858 -0.995877
0.703846 -0.216584 -0.676530
-0.493731 0.687650 -0.532323
-0.408042 -0.837241 0.364046
0.083686 0.012223 0.996417
0.390169 -0.877095 0.280129
-0.304133 -0.918170 0.253903
0.911572 -0.056811 0.407196
-0.757807 0.085198 -0.646893
-0.847546 -0.530255 -0.022280
0.711501 -0.334753 0.617825
0.479677 0.585780 0.653277
0.377203 0.480760 -0.791573
-0.087572 -0.445931 -0.890773
0.181387 -0.983365 -0.009559
0.241747 0.538888 -0.806944
0.199320 -0.882133 0.426748
0.900234 0.147078 -0.409812
-0.788739 0.518846 0.329681
0.821881 -0.547850 -0.156118
-0.478316 0.864354 0.155258
0.862149 -0.477418 -0.169618
-0.169196 -0.424205 -0.889619
0.293921 -0.090148 0.951569
0.187524 -0.231158 0.954673
0.408367 -0.840409 -0.356299
-0.790075 0.113014 0.602502
-0.695548 0.600233 -0.394884
0.041202 0.989714 0.137000
-0.697902 -0.502289 -0.510529
0.174633 -0.272738 0.946106
-0.518935 -0.823435 -0.229480
-0.001805 -0.002611 0.999995
-0.014736 -0.743953 -0.668069
0.827865 0.560765 0.013497
0.825931 0.563076 0.027982
0.455300 -0.290121 0.841743
0.149250 -0.856986 0.493255
0.386993 0.531468 0.753510
0.608452 0.527511 0.592889
0.138493 0.772061 0.620275
-0.208633 -0.901761 0.378550
-0.542335 0.828356 0.140356
0.094290 0.925564 0.366662
-0.403721 -0.590099 0.699137
-0.041638 0.578765 0.814430
-0.068694 0.022501 -0.997384
-0.182254 -0.253213 -0.950088
0.403591 0.889314 0.215023
-0.867249 0.183412 -0.462860
-0.368816 -0.077153 0.926295
-0.442270 -0.396277 0.804588
-0.673940 0.432599 -0.598884
-0.581448 0.363792 -0.727719
-0.026371 -0.054751 -0.998152
0.303768 -0.141832 0.942130
0.908096 0.259743 0.328475
0.315276 -0.164876 0.934568
-0.325003 0.192058 -0.926006
0.414681 0.007349 -0.909937
-0.041816 0.069071 -0.996735
0.052649 0.314096 0.947930
-0.825839 -0.448224 -0.342176
0.019783 -0.107847 0.993971
-0.039440 0.143143 -0.988916
0.093810 0.545723 -0.832698
-0.718803 -0.225526 0.657617
0.196039 -0.225185 -0.954390
-0.018189 0.005093 0.999822
-0.231234 -0.965392 -0.120616
-0.299899 0.549888 0.779541
-0.551513 0.322625 -0.769251
0.364776 0.927924 -0.076775
0.215950 -0.386021 -0.896857
0.425126 -0.460052 -0.779500
-0.731990 -0.668798 -0.130003
0.009504 0.008501 0.999919
-0.521069 -0.421139 -0.742380
-0.645703 0.273054 0.713098
-0.791741 0.355518 -0.496742
-0.224654 -0.249083 0.942066
-0.144424 -0.099633 0.984487
-0.267670 0.445246 0.854464
0.154773 0.616930 0.771650
-0.662449 0.258967 0.702921
-0.114803 0.991884 -0.054652
-0.341652 -0.155931 0.926801
0.113722 0.113390 0.987021
-0.068054 -0.914129 -0.399672
0.549055 -0.767410 -0.331090
0.238499 -0.026434 0.970783
-0.720775 -0.680077 0.134082
-0.941529 -0.336807 0.009216
-0.763927 -0.527176 -0.372156
0.728986 -0.625696 0.277640
0.649050 -0.256017 0.716372
0.165298 -0.364454 -0.916433
0.576948 0.752440 -0.317749
-0.110335 -0.865067 -0.489372
0.953915 -0.163080 0.251893
0.189252 -0.974069 0.123987
0.031622 0.187553 -0.981745
-0.333330 -0.942536 0.022726
-0.221654 -0.973565 0.055148
0.403419 0.550556 -0.730850
-0.425591 0.766215 -0.481442
0.047414 0.142363 -0.988678
0.155594 0.034111 0.987232
-0.525017 0.529305 -0.666478
-0.123373 -0.949920 -0.287107
-0.579671 0.639872 0.504524
0.024543 -0.002314 0.999696
-0.804482 0.004699 0.593958
-0.019020 0.005224 -0.999805
-0.885303 -0.444674 0.136029
0.772223 -0.300527 0.559781
0.002253 0.216230 -0.976340
-0.362352 -0.931022 0.043585
-0.614897 0.213191 0.759244
-0.631464 0.766438 -0.117585
-0.332470 -0.017776 0.942946
0.133068 0.338838 0.931387
-0.384580 0.222898 0.895776
0.392346 -0.182923 0.901446
-0.991550 0.058378 -0.115846
-0.166125 -0.737181 0.654955
0.348694 -0.017616 -0.937071
-0.368834 -0.411934 0.833230
0.044671 0.004735 0.998991
-0.336259 -0.032958 0.941193
-0.206621 0.140005 -0.968353
0.006042 0.770329 -0.637618
-0.595785 0.764007 -0.247655
0.275022 0.014262 -0.961332
0.053769 0.258472 0.964521
-0.588708 0.441807 0.676927
0.376852 -0.066923 0.923853
-0.430319 -0.588301 -0.684636
-0.092076 0.065846 -0.993573
-0.997576 0.038923 -0.057681
0.502813 -0.204563 0.839841
-0.317347 -0.053582 -0.946795
-0.930741 0.298816 0.210782
0.096277 -0.272241 -0.957400
-0.287511 -0.073378 0.954962
-0.281458 -0.704811 0.651170
0.743022 -0.053574 0.667119
0.036446 -0.779828 0.624932
-0.300209 0.027411 0.953479
-0.092595 0.191180 -0.977178
0.258480 -0.447322 -0.856207
0.029754 0.017560 0.999403
0.362986 -0.539100 -0.760008
0.002768 -0.063950 -0.997949
-0.153864 0.452478 0.878402
0.052809 -0.439001 -0.896933
-0.008987 -0.013002 0.999875
-0.395156 0.906089 0.151179
-0.505928 -0.715671 -0.481509
-0.662792 0.584768 -0.467710
-0.005463 0.009147 -0.999943
0.154353 0.006504 -0.987994
-0.540220 0.082691 0.837451
0.178685 -0.563655 -0.806452
-0.024845 0.006024 0.999673
-0.314797 -0.057966 0.947387
0.958261 0.009869 0.285724
0.004995 0.066027 -0.997805
0.454953 0.248383 0.855174
0.680823 -0.017988 0.732227
0.434159 -0.180448 -0.882578
0.471501 -0.037161 -0.881082
-0.340551 -0.368839 0.864860
0.436805 0.296265 0.849370
0.046119 -0.005974 -0.998918
0.088080 0.100063 -0.991075
0.953634 0.096838 0.284964
0.704160 -0.071561 0.706426
-0.406862 -0.766562 0.496836
-0.054705 0.588107 -0.806931
0.562466 0.793750 0.231501
-0.279530 0.050005 -0.958834
-0.335285 -0.107787 -0.935931
0.437134 -0.468452 -0.767767
-0.255459 0.280214 -0.925322
-0.854821 0.518923 -0.000016
-0.213831 0.150037 0.965280
-0.456699 -0.088648 0.885194
0.934483 0.056395 -0.351513
0.322160 -0.387967 0.863536
-0.672196 0.642908 -0.367182
0.084533 0.233438 -0.968690
-0.350802 -0.404859 0.844409
-0.249924 0.966059 0.065328
0.537377 -0.220859 -0.813909
-0.920043 -0.390148 0.036125
-0.168967 0.521736 -0.836207
-0.101860 0.144117 0.984304
0.258462 -0.910468 0.322869
0.095543 0.097424 -0.990646
0.616248 -0.785194 0.060899
-0.819389 -0.416298 0.394079
0.607264 0.759386 -0.233588
0.152652 0.086413 -0.984495
-0.032794 -0.002742 -0.999458
-0.639849 0.710405 -0.293117
-0.152510 0.054986 -0.986771
-0.259034 0.462608 0.847877
0.993183 0.075465 -0.088844
-0.191789 0.967115 0.167047
0.556147 0.347821 -0.754798
0.479856 -0.177677 0.859168
-0.170800 -0.106889 -0.979491
-0.420330 -0.717698 0.555186
-0.586259 0.307978 -0.749299
0.548008 0.316809 -0.774157
0.395361 0.754151 -0.524353
0.468597 0.664234 0.582417
0.033019 0.295454 0.954786
-0.046967 -0.871841 -0.487533
0.504336 -0.722082 0.473542
0.052674 -0.258627 -0.964540
-0.638885 -0.036340 0.768444
0.958315 -0.273893 -0.081326
-0.019386 0.013235 -0.999724
-0.434795 -0.148921 -0.888130
-0.305395 0.201867 -0.930582
0.311329 0.793339 0.523151
0.012696 0.519739 0.854231
0.846084 -0.387477 -0.366065
0.495570 0.393391 -0.774373
0.540011 0.034236 0.840961
0.653689 0.754780 0.054749
-0.934173 0.226191 -0.275968
0.814397 0.543525 -0.203319
-0.386622 0.871269 -0.302349
-0.859897 -0.074262 0.505038
-0.746640 -0.013896 0.665083
-0.032089 0.823750 0.566044
-0.523923 0.643868 -0.557618
0.559257 -0.036377 -0.828196
-0.776942 0.345126 -0.526544
0.493946 -0.052192 -0.867925
-0.413859 -0.421721 -0.806767
-0.095428 -0.074939 -0.992611
0.027615 0.044093 -0.998646
-0.003259 0.000663 0.999994
0.518071 -0.848433 -0.108464
0.845802 0.361761 -0.392107
-0.079259 0.331200 0.940226
-0.560422 -0.579483 -0.591715
0.325322 0.944143 -0.052529
0.018703 -0.018930 0.999646
0.416791 0.553572 0.721002
0.397367 -0.483202 0.780139
0.324898 -0.075819 -0.942705
0.832532 0.546470 0.090888
0.090671 0.119593 0.988674
-0.925300 0.277951 -0.257999
0.039102 -0.888363 0.457473
-0.105867 -0.093570 0.989968
0.248207 0.283964 0.926152
-0.295083 0.853154 -0.430179
-0.547522 0.322292 0.772235
-0.586608 -0.806473 -0.074115
0.505292 -0.858399 -0.088496
-0.404539 0.449166 -0.796617
0.594883 0.620498 -0.510976
0.698485 -0.530389 0.480422
0.346281 0.750609 0.562739
-0.042860 -0.013637 0.998988
0.926984 -0.138830 0.348464
-0.972315 0.229177 0.045623
-0.173604 -0.091240 0.980580
-0.707056 0.294910 0.642729
-0.146874 0.981149 0.125595
-0.605416 0.307308 -0.734189
0.975733 0.204548 -0.078131
0.180640 0.111099 0.977255
0.465628 -0.359039 -0.808876
-0.790764 0.597652 0.132302
-0.390779 0.150572 0.908086
0.552269 -0.483371 0.679228
-0.031380 -0.196621 0.979977
-0.855679 0.238299 0.459376
0.398179 -0.916679 0.033972
-0.654802 -0.749351 -0.098525
0.416650 -0.665749 0.619016
0.131401 0.385889 -0.913139
0.346213 -0.916282 -0.201405
0.292702 -0.153818 -0.943751
-0.036159 -0.889301 -0.455890
-0.569086 0.639745 -0.516593
0.732267 0.092662 0.674685
0.136338 -0.070633 -0.988141
0.707713 0.591497 -0.386360
0.606736 0.526562 -0.595486
0.970147 0.011841 0.242228
0.880112 0.093673 0.465433
-0.000507 0.032008 0.999487
-0.731352 0.666464 0.144743
0.403596 0.786590 -0.467319
-0.783087 0.364057 0.504220
-0.467985 0.124221 0.874963
-0.556620 0.786321 -0.268094
-0.007680 -0.922136 0.386789
0.433012 0.482169 0.761587
-0.796140 -0.553495 0.244549
-0.597072 -0.468395 -0.651238
0.325706 0.347061 -0.879468
-0.747607 0.484309 0.454453
0.978128 0.190615 -0.083249
-0.041835 -0.306153 0.951063
-0.197067 0.030723 -0.979908
0.625858 -0.420479 -0.656886
0.020862 0.999008 -0.039334
-0.897019 -0.155913 -0.413578
-0.569280 0.433450 -0.698599
-0.956568 0.217449 0.194148
-0.023539 0.986839 -0.159983
0.976857 -0.085141 0.196219
-0.194625 0.106503 0.975078
-0.214257 0.466853 -0.857987
0.040805 -0.735845 -0.675919
-0.521147 -0.713578 -0.468201
-0.103612 0.377507 0.920192
-0.584745 0.394432 -0.708870
0.500942 -0.371761 0.781569
-0.320100 0.935328 -0.150654
-0.480121 -0.852318 0.207454
0.022000 -0.165140 0.986025
-0.229963 -0.544957 0.806311
-0.024258 -0.371914 -0.927950
0.014518 0.038311 -0.999160
-0.355985 -0.882406 0.307627
0.546061 0.553787 -0.628600
0.694608 -0.180305 -0.696426
0.143143 0.106037 -0.984005
-0.596783 0.182962 0.781265
0.113530 -0.034704 0.992928
0.758161 0.197121 0.621559
-0.937477 0.173585 0.301671
0.759537 -0.637713 0.128162
0.091164 0.438593 -0.894050
-0.234712 -0.365697 0.900653
-0.085387 -0.011105 -0.996286
-0.461836 0.044109 -0.885868
0.132489 -0.949629 -0.283993
-0.230945 0.025255 -0.972639
0.051232 -0.204527 0.977519
-0.633582 0.773608 -0.010206
0.179370 0.981362 0.068953
0.021727 -0.059191 0.998010
0.891593 -0.439068 -0.110822
0.132158 -0.670619 0.729935
-0.355061 -0.366246 -0.860114
0.267230 -0.646611 -0.714480
-0.749122 -0.654455 -0.102496
-0.678720 0.406737 0.611477
0.138589 -0.801305 -0.581982
0.162974 0.093717 -0.982169
0.029861 0.455690 -0.889638
0.469737 0.553949 -0.687378
-0.962684 0.059750 0.263951
-0.316737 -0.362439 0.876536
0.474554 -0.667597 0.573683
0.586428 -0.221312 0.779181
0.258630 -0.947041 0.190323
-0.349040 0.641268 -0.683335
0.296661 0.953528 0.052701
0.020097 0.048130 -0.998639
0.401081 0.653325 -0.642106
0.457177 0.478268 0.749832
-0.047444 -0.056657 0.997266
0.615437 -0.330479 -0.715557
0.399809 0.883871 -0.242745
-0.374985 -0.047388 0.925819
0.005746 0.049595 -0.998753
-0.003593 -0.065529 -0.997844
0.922878 0.362514 0.129919
-0.224673 0.046778 0.973311
0.061401 0.070797 0.995599
0.625045 -0.275126 0.730496
-0.581060 -0.607579 -0.541496
-0.898138 0.009398 -0.439613
-0.419455 -0.217148 -0.881422
0.580586 -0.024563 0.813828
0.411188 0.145609 -0.899846
-0.991952 0.039369 0.120340
0.132827 0.095304 0.986547
-0.372643 0.912570 -0.168385
0.099878 -0.602784 0.791628
-0.118317 -0.559507 -0.820337
-0.542844 0.839143 -0.034049
0.396279 -0.565952 -0.722953
-0.149494 0.249451 0.956779
0.186126 0.973004 0.136457
-0.046215 0.681829 -0.730051
0.061849 -0.457509 -0.887051
0.784771 -0.582640 -0.211340
-0.812161 -0.444416 0.378006
-0.032091 0.134289 0.990422
0.006871 0.064337 0.997905
0.164578 -0.447921 0.878795
-0.611646 0.334187 0.717083
-0.535128 -0.414245 -0.736233
-0.713815 -0.035893 0.699414
0.284272 0.193084 -0.939100
-0.550635 -0.264635 0.791688
-0.141263 -0.126689 -0.981832
-0.215597 -0.780522 -0.586774
-0.009971 0.017790 0.999792
-0.790224 -0.611101 -0.045841
-0.456459 -0.560309 -0.691158
0.433392 0.819484 0.374991
-0.683112 0.730294 -0.005453
-0.181742 0.232114 0.955559
-0.630254 0.569753 0.527410
-0.617899 0.170838 0.767473
-0.147622 0.403002 0.903215
-0.233243 -0.928690 0.288327
-0.670057 -0.688718 -0.276930
-0.354313 -0.887772 -0.293809
0.413783 0.575598 -0.705316
0.172199 -0.092766 -0.980684
-0.483112 -0.547373 0.683363
-0.048137 0.217362 -0.974903
-0.453687 -0.747444 0.485279
0.000266 -0.215495 0.976505
0.776143 0.629429 0.037696
-0.174658 0.261704 0.949213
0.122501 -0.117455 0.985494
0.709394 0.299378 0.638070
-0.065385 -0.733614 -0.676414
-0.021432 0.943858 -0.329655
-0.936215 0.104814 -0.335433
-0.054223 -0.244915 0.968027
-0.742174 -0.576156 0.342377
-0.241475 -0.707221 -0.664476
0.485476 -0.276380 -0.829414
-0.235680 0.615573 0.752013
-0.234094 -0.939862 -0.248715
0.816393 0.376658 0.437758
0.252138 -0.270758 -0.929041
-0.030654 -0.136252 0.990200
0.527377 -0.477580 0.702702
-0.975262 -0.056266 -0.213773
-0.165105 -0.512830 0.842464
-0.023183 -0.585834 0.810100
-0.225068 0.651627 -0.724380
-0.216368 -0.020235 0.976102
-0.606437 0.170684 -0.776596
-0.382749 0.702214 -0.600332
-0.552557 -0.079900 0.829637
0.068790 0.100195 0.992587
0.210877 -0.069089 -0.975068
0.049521 -0.121086 -0.991406
0.419785 0.897973 0.132001
0.811319 -0.111901 -0.573794
0.915001 -0.339343 -0.218219
0.094148 0.001716 -0.995557
0.792661 0.190728 -0.579061
-0.154219 0.453378 -0.877875
-0.738862 0.493611 -0.458727
-0.903364 0.426809 0.042050
0.848465 -0.372309 0.376155
-0.528764 0.660414 0.533162
-0.774421 0.609997 -0.167855
-0.006859 -0.610377 -0.792082
0.396594 0.250514 -0.883151
-0.997808 0.056203 -0.034921
-0.354366 -0.934912 -0.019097
-0.373732 0.129095 0.918509
0.433465 0.093440 0.896313
-0.137099 -0.724730 0.675255
-0.055019 0.824461 0.563238
-0.637144 -0.350074 -0.686655
0.677525 0.050654 0.733753
-0.320856 -0.726555 -0.607593
0.252998 0.243839 -0.936234
0.696523 0.701585 -0.150447
-0.569544 -0.166986 -0.804820
0.044654 -0.512257 -0.857671
0.774398 0.047353 -0.630924
0.852746 0.433945 -0.290716
0.710618 0.148616 -0.687703
0.010043 0.875576 -0.482976
-0.033526 0.080179 -0.996217
0.187324 -0.122952 -0.974573
0.012127 -0.088082 -0.996039
0.443791 -0.120640 0.887973
0.178354 -0.982313 0.057021
-0.790595 -0.222691 0.570410
-0.788723 -0.614680 0.009213
0.019532 0.271004 0.962380
0.327035 0.392569 0.859615
0.093181 0.008590 0.995612
0.053398 -0.422382 -0.904844
-0.021943 0.148020 0.988741
0.080482 0.794025 -0.602534
-0.898402 -0.333208 -0.286089
0.366256 -0.677695 0.637640
0.915289 0.267374 -0.301261
-0.928544 -0.184100 -0.322354
0.108140 -0.030241 0.993676
-0.180441 -0.833804 -0.521739
0.391095 0.111079 0.913623
0.437022 0.061193 -0.897367
0.115176 0.430211 0.895351
0.426554 0.264407 0.864951
-0.118783 0.247007 0.961706
0.775725 0.144677 -0.614264
0.322760 -0.032217 0.945932
0.481479 -0.867889 -0.122252
-0.006735 -0.826243 -0.563273
-0.636880 -0.255242 -0.727486
0.681285 -0.675782 0.281370
0.284107 0.242651 -0.927579
-0.225849 0.877560 -0.422943
0.884341 -0.223629 0.409794
0.339850 -0.934412 -0.106656
0.018841 -0.054869 0.998316
-0.127215 0.037690 -0.991159
0.712916 0.039789 -0.700120
0.439362 0.203219 0.875022
0.292203 0.285494 -0.912749
-0.247034 0.592174 0.767010
0.241269 0.466189 0.851151
0.291693 0.215188 0.931992
0.964290 0.177812 -0.196286
-0.223737 0.268568 -0.936917
0.955127 0.044244 0.292874
-0.216022 -0.117343 0.969312
0.320708 -0.167707 -0.932213
0.115312 0.366989 0.923051
0.172181 -0.077736 -0.981993
-0.039244 -0.034884 0.998621
-0.578436 -0.467101 0.668751
-0.784384 0.491593 0.378256
-0.254253 0.247946 0.934815
0.024502 -0.083708 -0.996189
-0.127182 0.088114 -0.987958
0.014198 -0.245566 0.969276
0.662053 0.414765 -0.624224
0.650008 -0.550219 -0.524165
0.087786 -0.050437 0.994862
-0.537737 -0.536799 -0.650143
-0.990628 0.131623 -0.036484
0.019175 -0.014726 0.999708
-0.018959 0.016191 -0.999689
-0.013415 0.098044 -0.995092
-0.447976 0.048086 -0.892752
-0.028008 0.048176 0.998446
0.141988 0.020015 -0.989666
-0.891310 0.156092 -0.425678
0.165701 -0.738769 -0.653271
-0.125438 -0.344929 -0.930209
0.117942 0.109015 0.987019
-0.025328 -0.713073 -0.700632
-0.161669 0.619807 -0.767921
0.632344 0.201542 0.748012
0.812893 0.545403 0.204304
-0.304520 -0.936518 0.173786
-0.055125 0.989401 -0.134336
-0.189977 -0.978461 -0.080767
0.664698 -0.268794 0.697084
